15
19
20
23
24
27
28
31
31
33
35
38
39
41
43
44
47
48
49
51
52
55
56
57
59
60
62
63
63
65
67
70
71
72
75
76
78
79
80
83
83
86
87
88
89
91
92
94
95
95
96
99
99
100
103
103
104
105
107
108
110
111
112
112
115
115
116
118
119
120
120
121
123
124
124
126
127
127
127
128
131
131
134
135
135
137
139
140
140
143
143
143
145
147
147
148
151
151
152
153
155
156
156
158
159
159
159
159
161
163
163
164
166
167
167
168
169
171
172
172
174
174
175
176
176
177
177
179
179
179
182
182
183
183
184
184
184
185
187
187
188
188
188
188
190
190
191
191
192
192
193
193
195
195
195
196
198
198
199
199
199
199
199
200
199
199
199
198
198
196
195
195
195
195
193
193
193
192
192
192
192
192
192
192
192
192
192
192
192
192
191
190
188
188
188
188
187
185
185
184
184
184
184
184
184
183
183
182
182
182
180
180
180
179
179
179
179
179
179
177
177
177
177
177
176
176
176
176
176
176
176
176
176
176
176
176
176
176
176
176
176
176
176
176
176
175
175
175
174
174
174
172
172
172
172
172
172
172
172
172
172
171
171
171
171
171
171
169
169
169
169
169
169
169
168
168
168
168
168
168
168
168
168
168
168
168
168
168
168
168
167
167
167
167
167
167
167
167
167
167
167
167
167
167
167
167
167
167
167
167
167
167
166
